11.111.111-1,jose.manono@alumnos.ucn.cl,2,lol234
5
2341,5.4
2346,7.0
8342,6.3
2188,7.0
9348,1.0
0
11.111.112-k,luis.comunic@alumnos.ucn.cl,4,locuraA
13
2341,4.3
2346,5.5
8342,5.0
2188,5.6
9348,4.1
4930,4.5
3245,4.2
9328,5.4
6546,4.9
5436,5.5
3243,4.5
4356,3.6
3487,2.4
1
2346,1
11.234.211-2,maria.fernanda@alumnos.ucn.cl,7,aaalol2
25
2341,5.4
2346,6.5
8342,4.5
2188,5.4
9348,4.6
4930,4.5
3245,5.6
2188,4.5
2656,5.6
2178,5.6
9328,4.5
6546,5.6
5436,4.5
3243,4.5
4356,5.6
3487,5.6
4556,4.5
3904,4.5
3984,6.5
5436,4.6
5443,4.5
4356,4.5
8372,4.5
7834,2.5
8723,3.5
0